1.3635
1.3449
1.3292
1.3112
1.2908
1.2742
1.2528
1.2292
1.2065
1.1817
1.1590
1.1381
1.1086
1.0873
1.0713
1.0418
1.0252
0.9961
0.9828
0.9516
0.9344
0.9099
0.9084
0.8858
0.8716
0.8658
0.8565
0.8341
0.8365
0.8149
0.8043
0.7998
0.7696
0.7604
0.7788
0.7551
0.7558
0.7620
0.7380
0.7464
0.7291
0.6994
0.7196
0.7227
0.6978
0.7026
0.6800
0.6909
0.6708
0.6524
0.6546
0.6594
0.6398
0.6246
0.6436
0.6367
0.6248
0.6357
0.6361
0.6289
0.6183
0.6115
0.5834
0.6030
0.5880
0.5678
0.5850
0.5536
0.5690
0.5572
0.5576
0.5575
0.5646
0.5465
0.5592
0.5467
0.5359
0.5395
0.5325
0.5340
0.5193
0.5218
0.5263
0.5387
0.5230
0.5299
0.5252
0.5066
0.5043
0.5140
0.5129
0.5129
0.4903
0.5006
0.4961
0.5157
0.4996
0.4842
0.4807
0.4809
0.4906
0.5069
0.4798
0.4835
0.4961
0.4875
0.4880
0.4971
0.4904
0.4913
0.4761
0.4847
0.4648
0.4687
0.4719
0.4684
0.4806
0.5028
0.4874
0.4744
0.5010
0.4779
0.4760
0.4656
0.4534
0.4865
0.4678
0.4830
0.4986
0.4659
0.4805
0.4711
0.4923
0.4800
0.4820
0.4765
0.4779
0.4882
0.4709
0.4673
0.4674
0.4816
0.4796
0.4566
0.4658
0.4807
0.4639
0.4783
0.4801
0.4562
0.4684
0.4865
0.4579
0.4669
0.4603
0.4673
0.4708
0.4669
0.4691
0.4688
0.4726
0.4692
0.4956
0.4686
0.4570
0.4586
0.4500
0.4701
0.4697
0.4712
0.4623
0.4822
0.4661
0.4697
0.4522
0.4684
0.4785
0.4824
0.4792
0.4572
0.4435
0.4716
0.4662
0.4736
0.4784
0.4601
0.4689
0.4622
0.4539
0.4865
0.4583
0.4656
0.4633
0.4694
0.4734
0.4764
0.4515
0.4495
0.4484
0.4618
