1.4010
1.3612
1.3417
1.3251
1.3093
1.2945
1.2783
1.2608
1.2437
1.2244
1.2119
1.1905
1.1739
1.1571
1.1411
1.1262
1.1104
1.0981
1.0850
1.0689
1.0586
1.0474
1.0383
1.0264
1.0115
1.0060
0.9962
0.9840
0.9784
0.9735
0.9595
0.9496
0.9421
0.9408
0.9215
0.9131
0.9133
0.9078
0.8944
0.8875
0.8819
0.8753
0.8671
0.8642
0.8576
0.8491
0.8531
0.8499
0.8393
0.8357
0.8303
0.8202
0.8306
0.8228
0.8227
0.8159
0.8131
0.8082
0.8137
0.8085
0.8096
0.8073
0.8054
0.7972
0.7988
0.7982
0.7950
0.7928
0.7915
0.7914
0.7874
0.7801
0.7802
0.7898
0.7855
0.7775
0.7739
0.7631
0.7703
0.7653
0.7691
0.7607
0.7677
0.7615
0.7604
0.7751
0.7511
0.7467
0.7597
0.7542
0.7551
0.7512
0.7524
0.7493
0.7577
0.7555
0.7441
0.7389
0.7423
0.7397
0.7411
0.7465
0.7375
0.7239
0.7317
0.7354
0.7289
0.7264
0.7235
0.7294
0.7175
0.7174
0.7137
0.7212
0.7205
0.7129
0.7160
0.7110
0.7075
0.7008
0.6934
0.6998
0.7028
0.6962
0.7023
0.6892
0.6948
0.6889
0.6928
0.6848
0.6883
0.6807
0.6852
0.6819
0.6737
0.6760
0.6724
0.6721
0.6644
0.6663
0.6605
0.6635
0.6566
0.6538
0.6537
0.6528
0.6505
0.6587
0.6485
0.6455
0.6478
0.6509
0.6463
0.6384
0.6431
0.6306
0.6357
0.6301
0.6265
0.6302
0.6255
0.6252
0.6330
0.6220
0.6233
0.6110
0.6240
0.6232
0.6293
0.6222
0.6182
0.6166
0.6169
0.6169
0.6108
0.6116
0.6124
0.6073
0.6204
0.6103
0.6034
0.6007
0.6208
0.6110
0.6033
0.6017
0.6070
0.6061
0.6019
0.5986
0.6048
0.6030
0.5994
0.5943
0.6026
0.5977
0.5977
0.5994
0.5995
0.5964
