1.3736
1.3416
1.3145
1.2898
1.2663
1.2431
1.2210
1.2030
1.1862
1.1697
1.1549
1.1401
1.1243
1.1116
1.0959
1.0948
1.0795
1.0655
1.0575
1.0504
1.0403
1.0222
1.0181
1.0088
1.0026
0.9878
0.9818
0.9772
0.9633
0.9539
0.9490
0.9401
0.9317
0.9237
0.9138
0.9046
0.8993
0.8928
0.8817
0.8737
0.8679
0.8664
0.8542
0.8539
0.8429
0.8394
0.8356
0.8328
0.8191
0.8213
0.8226
0.8134
0.8038
0.8055
0.8081
0.8004
0.7984
0.7997
0.7991
0.8000
0.7915
0.7874
0.7867
0.7869
0.7771
0.7880
0.7838
0.7805
0.7761
0.7701
0.7814
0.7723
0.7686
0.7743
0.7664
0.7659
0.7676
0.7596
0.7628
0.7653
0.7623
0.7601
0.7576
0.7531
0.7526
0.7499
0.7586
0.7547
0.7420
0.7476
0.7445
0.7401
0.7384
0.7483
0.7411
0.7426
0.7333
0.7341
0.7316
0.7374
0.7326
0.7388
0.7267
0.7208
0.7182
0.7113
0.7235
0.7189
0.7262
0.7174
0.7160
0.7115
0.7148
0.7037
0.7092
0.7017
0.6931
0.6994
0.6919
0.7005
0.7008
0.6922
0.6918
0.6900
0.6834
0.6835
0.6809
0.6794
0.6802
0.6781
0.6790
0.6744
0.6746
0.6708
0.6702
0.6704
0.6698
0.6559
0.6635
0.6694
0.6616
0.6623
0.6691
0.6565
0.6532
0.6531
0.6598
0.6598
0.6493
0.6547
0.6545
0.6492
0.6451
0.6511
0.6506
0.6523
0.6494
0.6464
0.6462
0.6459
0.6424
0.6481
0.6437
0.6433
0.6422
0.6396
0.6408
0.6365
0.6422
0.6428
0.6406
0.6387
0.6384
0.6338
0.6303
0.6372
0.6369
0.6348
0.6328
0.6276
0.6325
0.6364
0.6299
0.6364
0.6299
0.6278
0.6290
0.6271
0.6266
0.6262
0.6243
0.6277
0.6369
0.6196
0.6255
0.6307
0.6236
0.6298
0.6253
0.6255
