1.3811
1.3670
1.3547
1.3435
1.3315
1.3216
1.3064
1.2943
1.2787
1.2600
1.2465
1.2336
1.2067
1.1908
1.1735
1.1467
1.1271
1.1084
1.0812
1.0570
1.0357
1.0146
1.0056
0.9774
0.9624
0.9534
0.9378
0.9199
0.9062
0.9008
0.8990
0.8656
0.8546
0.8488
0.8384
0.8312
0.8189
0.8095
0.7949
0.8034
0.8108
0.7882
0.7779
0.7647
0.7826
0.7651
0.7700
0.7498
0.7483
0.7624
0.7294
0.7329
0.7221
0.7364
0.7282
0.7152
0.6949
0.6879
0.6922
0.6554
0.6958
0.6784
0.6650
0.6699
0.6448
0.6476
0.6524
0.6375
0.6196
0.6324
0.6060
0.6038
0.6202
0.5840
0.5816
0.5863
0.5751
0.5877
0.5890
0.5722
0.5604
0.5773
0.5726
0.5716
0.5632
0.5489
0.5400
0.5495
0.5601
0.5334
0.5582
0.5316
0.5446
0.5421
0.5160
0.5270
0.5424
0.5081
0.5373
0.5295
0.5046
0.5252
0.5224
0.5037
0.5128
0.5291
0.5177
0.5227
0.5218
0.5266
0.5063
0.5247
0.5235
0.4831
0.4976
0.5090
0.5030
0.5113
0.5249
0.5126
0.5060
0.5165
0.4945
0.5048
0.5185
0.4784
0.5123
0.4846
0.5104
0.5088
0.4847
0.4860
0.4827
0.4909
0.4672
0.5031
0.5119
0.4888
0.4768
0.4806
0.5005
0.4827
0.4789
0.4727
0.4892
0.4800
0.5024
0.5032
0.4657
0.4778
0.4642
0.4782
0.5042
0.4842
0.4884
0.4912
0.4789
0.5021
0.4857
0.4751
0.4882
0.4982
0.4583
0.4623
0.4658
0.4763
0.4866
0.4765
0.4964
0.4916
0.4758
0.4873
0.4668
0.4774
0.4638
0.4732
0.4599
0.4768
0.4829
0.4684
0.4643
0.4787
0.4733
0.4906
0.4627
0.4779
0.4983
0.4556
0.4681
0.4889
0.4779
0.4768
0.4839
0.4904
0.4700
0.4717
0.4656
0.4610
0.5022
0.4849
