1.3683
1.3564
1.3428
1.3289
1.3135
1.2965
1.2826
1.2694
1.2454
1.2303
1.2068
1.1887
1.1662
1.1389
1.1122
1.0980
1.0767
1.0529
1.0182
1.0109
0.9920
0.9809
0.9604
0.9225
0.9315
0.8894
0.9098
0.8764
0.8531
0.8750
0.8372
0.8279
0.8194
0.8107
0.7954
0.7765
0.7660
0.7821
0.7579
0.7392
0.7487
0.7479
0.7399
0.7359
0.7322
0.7114
0.6960
0.6983
0.6914
0.7021
0.6829
0.6743
0.6805
0.6612
0.6550
0.6373
0.6185
0.6362
0.6451
0.6284
0.6182
0.6228
0.6082
0.6079
0.6391
0.5994
0.5874
0.5766
0.5883
0.5697
0.5674
0.5678
0.5731
0.5631
0.5745
0.5339
0.5291
0.5370
0.5443
0.5414
0.5260
0.5285
0.5304
0.5349
0.5307
0.5188
0.5433
0.5019
0.5159
0.5289
0.5134
0.5030
0.5110
0.5271
0.4890
0.5291
0.4966
0.4916
0.4863
0.5030
0.4887
0.5059
0.4821
0.4908
0.4875
0.5059
0.4969
0.4897
0.4786
0.4942
0.5061
0.4953
0.5017
0.4945
0.4699
0.4949
0.4991
0.4851
0.4783
0.5106
0.5024
0.4913
0.4873
0.4882
0.4862
0.4761
0.4715
0.4927
0.4688
0.4809
0.4920
0.5003
0.4903
0.4761
0.4836
0.4701
0.4903
0.4648
0.4668
0.4885
0.4669
0.4861
0.4822
0.4802
0.4904
0.4902
0.4719
0.4731
0.4754
0.4680
0.4604
0.4643
0.4712
0.4661
0.4651
0.4613
0.4699
0.4678
0.4706
0.4772
0.4955
0.4631
0.4449
0.4679
0.4740
0.4758
0.4549
0.4761
0.4860
0.4712
0.4567
0.4791
0.4679
0.4786
0.4526
0.4711
0.4760
0.4660
0.4651
0.4526
0.4691
0.4672
0.4721
0.4693
0.4754
0.4519
0.4558
0.4673
0.4586
0.4663
0.4693
0.4789
0.4605
0.4679
0.4525
0.4558
0.4656
0.4730
0.4625
0.4544
