1.3345
1.3034
1.2735
1.2456
1.2184
1.1947
1.1759
1.1529
1.1332
1.1145
1.0967
1.0838
1.0696
1.0562
1.0455
1.0320
1.0212
1.0192
1.0059
0.9906
0.9842
0.9758
0.9615
0.9581
0.9465
0.9367
0.9290
0.9238
0.9176
0.8988
0.8960
0.8895
0.8805
0.8767
0.8676
0.8610
0.8503
0.8446
0.8400
0.8375
0.8302
0.8327
0.8265
0.8172
0.8158
0.8187
0.8120
0.8090
0.8014
0.8032
0.7966
0.7942
0.7962
0.7869
0.7804
0.7856
0.7830
0.7764
0.7668
0.7763
0.7773
0.7706
0.7660
0.7683
0.7677
0.7651
0.7584
0.7616
0.7579
0.7479
0.7562
0.7476
0.7467
0.7466
0.7489
0.7514
0.7360
0.7376
0.7370
0.7343
0.7360
0.7370
0.7220
0.7339
0.7219
0.7239
0.7258
0.7272
0.7195
0.7218
0.7127
0.7202
0.7156
0.7106
0.7119
0.7120
0.7066
0.7055
0.6916
0.7025
0.6910
0.6926
0.6958
0.6906
0.6940
0.6868
0.6861
0.6828
0.6809
0.6821
0.6672
0.6751
0.6786
0.6746
0.6673
0.6748
0.6591
0.6711
0.6671
0.6606
0.6636
0.6606
0.6519
0.6494
0.6504
0.6526
0.6536
0.6533
0.6436
0.6443
0.6562
0.6456
0.6431
0.6452
0.6400
0.6411
0.6368
0.6366
0.6342
0.6380
0.6336
0.6322
0.6307
0.6300
0.6271
0.6254
0.6243
0.6284
0.6277
0.6235
0.6274
0.6122
0.6189
0.6211
0.6177
0.6144
0.6197
0.6144
0.6222
0.6130
0.6122
0.6133
0.6080
0.6067
0.6038
0.6146
0.6084
0.6096
0.6039
0.6065
0.6090
0.6126
0.6066
0.6038
0.6048
0.6045
0.6030
0.5991
0.5992
0.5984
0.5975
0.6031
0.6101
0.5962
0.6031
0.5937
0.5981
0.5924
0.5922
0.5883
0.5896
0.5874
0.5985
0.5982
0.5891
0.5952
0.5910
0.5935
0.5894
0.5930
