1.3755
1.3628
1.3528
1.3410
1.3308
1.3199
1.3100
1.2982
1.2852
1.2738
1.2561
1.2413
1.2233
1.2055
1.1861
1.1713
1.1514
1.1286
1.1038
1.0826
1.0639
1.0541
1.0272
1.0031
0.9901
0.9683
0.9406
0.9368
0.9251
0.9000
0.8980
0.8704
0.8587
0.8473
0.8469
0.8350
0.8080
0.8076
0.8001
0.8045
0.7898
0.7786
0.7843
0.7717
0.7555
0.7640
0.7274
0.7331
0.7340
0.7285
0.7229
0.7188
0.7033
0.6967
0.6967
0.6828
0.6755
0.6740
0.6683
0.6441
0.6686
0.6293
0.6493
0.6397
0.6321
0.6334
0.6212
0.6232
0.6045
0.6054
0.6042
0.5936
0.5949
0.5871
0.5884
0.5878
0.5950
0.5971
0.5822
0.5716
0.5795
0.5622
0.5573
0.5758
0.5629
0.5510
0.5491
0.5363
0.5300
0.5365
0.5262
0.5181
0.5334
0.5263
0.5275
0.5249
0.5030
0.5286
0.5008
0.4836
