1.3191
1.2954
1.2720
1.2534
1.2367
1.2162
1.1995
1.1807
1.1641
1.1525
1.1338
1.1227
1.1039
1.0921
1.0803
1.0684
1.0622
1.0457
1.0366
1.0273
1.0168
1.0103
0.9975
0.9904
0.9797
0.9759
0.9633
0.9532
0.9414
0.9369
0.9288
0.9202
0.9147
0.9022
0.8979
0.8854
0.8819
0.8750
0.8629
0.8509
0.8514
0.8369
0.8386
0.8372
0.8301
0.8294
0.8216
0.8233
0.8192
0.8148
0.8131
0.8168
0.8015
0.8001
0.8086
0.7962
0.7985
0.7985
0.7985
0.7888
0.7870
0.7912
0.7781
0.7828
0.7880
0.7833
0.7805
0.7732
0.7799
0.7733
0.7724
0.7695
0.7690
0.7750
0.7653
0.7625
0.7735
0.7637
0.7644
0.7553
0.7654
0.7588
0.7655
0.7627
0.7581
0.7477
0.7611
0.7457
0.7403
0.7495
0.7420
0.7453
0.7454
0.7417
0.7365
0.7385
0.7355
0.7358
0.7344
0.7259
0.7304
0.7280
0.7244
0.7211
0.7305
0.7249
0.7251
0.7127
0.7165
0.7184
0.7123
0.7065
0.7093
0.7107
0.7083
0.7044
0.7010
0.7039
0.7064
0.6991
0.7052
0.7017
0.6986
0.6876
0.6958
0.6905
0.6910
0.6884
0.6930
0.6870
0.6869
0.6793
0.6834
0.6773
0.6752
0.6780
0.6725
0.6703
0.6609
0.6658
0.6617
0.6692
0.6618
0.6686
0.6593
0.6627
0.6586
0.6558
0.6632
0.6590
0.6583
0.6555
0.6580
0.6437
0.6489
0.6594
0.6488
0.6506
0.6491
0.6459
0.6471
0.6524
0.6475
0.6487
0.6425
0.6511
0.6408
0.6444
0.6516
0.6386
0.6430
0.6443
0.6465
0.6404
0.6396
0.6398
0.6379
0.6398
0.6361
0.6422
0.6375
0.6382
0.6370
0.6361
0.6405
0.6329
0.6410
0.6319
0.6303
0.6369
0.6374
0.6401
0.6333
0.6348
0.6341
0.6280
0.6256
0.6287
0.6286
0.6322
