1.3708
1.3413
1.3125
1.2872
1.2644
1.2405
1.2216
1.2019
1.1805
1.1652
1.1431
1.1275
1.1102
1.0933
1.0835
1.0666
1.0534
1.0388
1.0265
1.0213
1.0125
1.0043
0.9910
0.9771
0.9689
0.9561
0.9332
0.9466
0.9416
0.9209
0.9167
0.9125
0.8989
0.8946
0.8794
0.8766
0.8687
0.8582
0.8471
0.8436
0.8417
0.8357
0.8392
0.8272
0.8211
0.8258
0.8177
0.8180
0.8126
0.8095
0.8098
0.8050
0.8004
0.8028
0.8015
0.8027
0.7911
0.7984
0.7906
0.7943
0.7900
0.7844
0.7852
0.7885
0.7804
0.7752
0.7765
0.7742
0.7647
0.7721
0.7702
0.7654
0.7661
0.7686
0.7675
0.7661
0.7600
0.7659
0.7572
0.7540
0.7560
0.7516
0.7625
0.7558
0.7592
0.7589
0.7548
0.7438
0.7494
0.7544
0.7509
0.7430
0.7456
0.7365
0.7371
0.7419
0.7302
0.7409
0.7320
0.7307
0.7277
0.7213
0.7238
0.7279
0.7263
0.7170
0.7210
0.7165
0.7119
0.7190
0.7061
0.7076
0.7146
0.7093
0.7144
0.6982
0.7013
0.6971
0.6973
0.6882
0.6922
0.6925
0.6914
0.6869
0.6802
0.6814
0.6914
0.6762
0.6794
0.6835
0.6805
0.6693
0.6718
0.6693
0.6669
0.6679
0.6666
0.6616
0.6670
0.6707
0.6652
0.6595
0.6637
0.6513
0.6676
0.6610
0.6511
0.6598
0.6551
0.6559
0.6610
0.6432
0.6577
0.6562
0.6428
0.6491
0.6519
0.6551
0.6485
0.6472
0.6465
0.6500
0.6501
0.6462
0.6502
0.6393
0.6422
0.6409
0.6489
0.6382
0.6377
0.6382
0.6365
0.6387
0.6388
0.6382
0.6344
0.6361
0.6302
0.6353
0.6341
0.6280
0.6319
0.6298
0.6360
0.6333
0.6317
0.6386
0.6250
0.6311
0.6252
0.6347
0.6316
0.6248
0.6242
0.6277
0.6290
0.6218
0.6229
0.6283
