1.3882
1.3683
1.3533
1.3395
1.3276
1.3149
1.3007
1.2866
1.2733
1.2592
1.2403
1.2235
1.2070
1.1857
1.1676
1.1588
1.1276
1.1099
1.0842
1.0681
1.0502
1.0313
1.0125
0.9893
0.9739
0.9623
0.9619
0.9167
0.9293
0.9049
0.8905
0.8874
0.8861
0.8686
0.8598
0.8512
0.8226
0.8380
0.8100
0.7987
0.8054
0.7902
0.7961
0.7794
0.7682
0.7788
0.7532
0.7518
0.7555
0.7298
0.7338
0.7339
0.7154
0.7165
0.7165
0.7174
0.6861
0.6900
0.6708
0.6755
0.6487
0.6771
0.6580
0.6554
0.6523
0.6256
0.6377
0.6158
0.6296
0.6328
0.6242
0.6031
0.6037
0.5788
0.5958
0.5947
0.5690
0.5864
0.5742
0.5666
0.5796
0.5504
0.5420
0.5722
0.5552
0.5504
0.5549
0.5480
0.5606
0.5419
0.5342
0.5731
0.5219
0.5365
0.5344
0.5278
0.5263
0.5230
0.5202
0.5400
0.5097
0.4842
0.5330
0.5073
0.5209
0.5281
0.5143
0.5291
0.5057
0.4980
0.5011
0.5012
0.4885
0.5060
0.4910
0.4897
0.4966
0.4698
0.4937
0.4867
0.4947
0.5108
0.4858
0.4881
0.4847
0.4862
0.5082
0.4989
0.4962
0.4881
0.4745
0.5143
0.4781
0.4735
0.4923
0.4816
0.5292
0.4948
0.4830
0.4798
0.4812
0.5009
0.4879
0.4879
0.4674
0.4656
0.4754
0.5079
0.5136
0.5015
0.4863
0.4990
0.5011
0.4876
0.4645
0.4807
0.4525
0.4816
0.4461
0.4868
0.4764
0.5008
0.5012
0.4860
0.4737
0.4821
0.4776
0.4911
0.4766
0.4849
0.4947
0.4809
0.4607
0.4880
0.4882
0.4768
0.4737
0.4924
0.4935
0.4845
0.4749
0.4770
0.4659
0.4882
0.4980
0.4897
0.4712
0.4856
0.4728
0.4830
0.4742
0.4751
0.4731
0.4798
0.4621
0.4635
0.4690
0.4817
0.4750
0.4741
